val(:,:,1) =

   -0.2245   -0.1219    0.9668
    0.0079   -0.9923   -0.1233
    0.9744   -0.0201    0.2238


val(:,:,2) =

   -0.2261   -0.1220    0.9664
    0.0081   -0.9923   -0.1234
    0.9741   -0.0201    0.2254


val(:,:,3) =

   -0.2255   -0.1224    0.9665
    0.0088   -0.9923   -0.1236
    0.9742   -0.0194    0.2248


val(:,:,4) =

   -0.2250   -0.1221    0.9667
    0.0086   -0.9923   -0.1234
    0.9743   -0.0195    0.2243


val(:,:,5) =

   -0.2251   -0.1225    0.9666
    0.0083   -0.9923   -0.1239
    0.9743   -0.0199    0.2244


val(:,:,6) =

   -0.2252   -0.1230    0.9665
    0.0077   -0.9922   -0.1245
    0.9743   -0.0206    0.2244


val(:,:,7) =

   -0.2254   -0.1227    0.9665
    0.0077   -0.9922   -0.1242
    0.9742   -0.0205    0.2246


val(:,:,8) =

   -0.2256   -0.1227    0.9665
    0.0082   -0.9922   -0.1241
    0.9742   -0.0200    0.2248


val(:,:,9) =

   -0.2257   -0.1228    0.9664
    0.0086   -0.9922   -0.1240
    0.9742   -0.0197    0.2250


val(:,:,10) =

   -0.2258   -0.1224    0.9665
    0.0085   -0.9923   -0.1237
    0.9741   -0.0198    0.2251


val(:,:,11) =

   -0.2257   -0.1224    0.9665
    0.0083   -0.9923   -0.1238
    0.9742   -0.0200    0.2249


val(:,:,12) =

   -0.2258   -0.1225    0.9664
    0.0085   -0.9923   -0.1238
    0.9741   -0.0198    0.2251


val(:,:,13) =

   -0.2259   -0.1223    0.9664
    0.0084   -0.9923   -0.1236
    0.9741   -0.0198    0.2252


val(:,:,14) =

   -0.2259   -0.1224    0.9664
    0.0086   -0.9923   -0.1237
    0.9741   -0.0197    0.2253


val(:,:,15) =

   -0.2260   -0.1232    0.9663
    0.0083   -0.9922   -0.1246
    0.9741   -0.0202    0.2253


val(:,:,16) =

   -0.2258   -0.1237    0.9663
    0.0083   -0.9921   -0.1251
    0.9741   -0.0202    0.2250


val(:,:,17) =

   -0.2264   -0.1230    0.9662
    0.0083   -0.9922   -0.1244
    0.9740   -0.0201    0.2257


val(:,:,18) =

   -0.2266   -0.1225    0.9663
    0.0083   -0.9923   -0.1239
    0.9740   -0.0201    0.2258


val(:,:,19) =

   -0.2265   -0.1227    0.9663
    0.0086   -0.9923   -0.1239
    0.9740   -0.0198    0.2258


val(:,:,20) =

   -0.2266   -0.1230    0.9662
    0.0087   -0.9922   -0.1243
    0.9739   -0.0197    0.2259


val(:,:,21) =

   -0.2267   -0.1230    0.9662
    0.0088   -0.9922   -0.1243
    0.9739   -0.0197    0.2260


val(:,:,22) =

   -0.2268   -0.1228    0.9662
    0.0089   -0.9922   -0.1240
    0.9739   -0.0195    0.2261


val(:,:,23) =

   -0.2270   -0.1236    0.9660
    0.0092   -0.9921   -0.1248
    0.9738   -0.0195    0.2264


val(:,:,24) =

   -0.2272   -0.1234    0.9660
    0.0090   -0.9922   -0.1246
    0.9738   -0.0196    0.2265


val(:,:,25) =

   -0.2271   -0.1232    0.9660
    0.0093   -0.9922   -0.1244
    0.9738   -0.0193    0.2265


val(:,:,26) =

   -0.2273   -0.1234    0.9660
    0.0097   -0.9922   -0.1244
    0.9738   -0.0189    0.2267


val(:,:,27) =

   -0.2268   -0.1240    0.9660
    0.0104   -0.9921   -0.1249
    0.9739   -0.0183    0.2263


val(:,:,28) =

   -0.2272   -0.1240    0.9659
    0.0104   -0.9921   -0.1249
    0.9738   -0.0183    0.2267


val(:,:,29) =

   -0.2273   -0.1241    0.9659
    0.0103   -0.9921   -0.1250
    0.9738   -0.0185    0.2268


val(:,:,30) =

   -0.2277   -0.1239    0.9658
    0.0101   -0.9921   -0.1249
    0.9737   -0.0186    0.2272


val(:,:,31) =

   -0.2274   -0.1233    0.9660
    0.0103   -0.9922   -0.1243
    0.9737   -0.0183    0.2269


val(:,:,32) =

   -0.2277   -0.1239    0.9658
    0.0107   -0.9921   -0.1248
    0.9737   -0.0181    0.2272


val(:,:,33) =

   -0.2272   -0.1257    0.9657
    0.0102   -0.9919   -0.1268
    0.9738   -0.0189    0.2266


val(:,:,34) =

   -0.2278   -0.1250    0.9657
    0.0103   -0.9920   -0.1260
    0.9737   -0.0187    0.2273


val(:,:,35) =

   -0.2276   -0.1248    0.9657
    0.0099   -0.9920   -0.1259
    0.9737   -0.0191    0.2270


val(:,:,36) =

   -0.2269   -0.1257    0.9658
    0.0095   -0.9919   -0.1268
    0.9739   -0.0196    0.2262


val(:,:,37) =

   -0.2265   -0.1276    0.9656
    0.0094   -0.9916   -0.1288
    0.9740   -0.0201    0.2258


val(:,:,38) =

   -0.2248   -0.1316    0.9655
    0.0090   -0.9911   -0.1330
    0.9744   -0.0212    0.2240


val(:,:,39) =

   -0.2221   -0.1358    0.9655
    0.0085   -0.9905   -0.1373
    0.9750   -0.0223    0.2212


val(:,:,40) =

   -0.2183   -0.1414    0.9656
    0.0074   -0.9897   -0.1433
    0.9758   -0.0241    0.2171


val(:,:,41) =

   -0.2138   -0.1470    0.9657
    0.0060   -0.9888   -0.1492
    0.9769   -0.0261    0.2123


val(:,:,42) =

   -0.2090   -0.1533    0.9658
    0.0048   -0.9878   -0.1558
    0.9779   -0.0279    0.2072


val(:,:,43) =

   -0.2038   -0.1601    0.9658
    0.0038   -0.9867   -0.1628
    0.9790   -0.0295    0.2017


val(:,:,44) =

   -0.1994   -0.1650    0.9659
    0.0004   -0.9857   -0.1683
    0.9799   -0.0331    0.1966


val(:,:,45) =

   -0.1953   -0.1710    0.9657
   -0.0028   -0.9846   -0.1749
    0.9807   -0.0368    0.1918


val(:,:,46) =

   -0.1912   -0.1775    0.9654
   -0.0075   -0.9832   -0.1823
    0.9815   -0.0421    0.1867


val(:,:,47) =

   -0.1903   -0.1813    0.9649
   -0.0141   -0.9822   -0.1873
    0.9816   -0.0492    0.1843


val(:,:,48) =

   -0.1906   -0.1855    0.9640
   -0.0208   -0.9810   -0.1929
    0.9814   -0.0569    0.1831


val(:,:,49) =

   -0.1907   -0.1909    0.9629
   -0.0280   -0.9795   -0.1997
    0.9813   -0.0650    0.1814


val(:,:,50) =

   -0.1928   -0.1937    0.9619
   -0.0347   -0.9784   -0.2040
    0.9806   -0.0727    0.1819


val(:,:,51) =

   -0.1954   -0.1956    0.9610
   -0.0416   -0.9774   -0.2073
    0.9798   -0.0804    0.1829


val(:,:,52) =

   -0.1984   -0.1981    0.9599
   -0.0482   -0.9762   -0.2114
    0.9789   -0.0882    0.1842


val(:,:,53) =

   -0.2018   -0.2008    0.9586
   -0.0532   -0.9751   -0.2155
    0.9780   -0.0945    0.1861


val(:,:,54) =

   -0.2041   -0.2051    0.9572
   -0.0566   -0.9737   -0.2207
    0.9773   -0.0992    0.1871


val(:,:,55) =

   -0.2067   -0.2100    0.9556
   -0.0586   -0.9723   -0.2264
    0.9766   -0.1028    0.1887


val(:,:,56) =

   -0.2093   -0.2136    0.9542
   -0.0608   -0.9711   -0.2307
    0.9760   -0.1063    0.1903


val(:,:,57) =

   -0.2119   -0.2172    0.9528
   -0.0626   -0.9700   -0.2351
    0.9753   -0.1095    0.1920


val(:,:,58) =

   -0.2141   -0.2209    0.9515
   -0.0642   -0.9688   -0.2394
    0.9747   -0.1123    0.1932


val(:,:,59) =

   -0.2167   -0.2245    0.9501
   -0.0647   -0.9678   -0.2434
    0.9741   -0.1142    0.1952


val(:,:,60) =

   -0.2209   -0.2271    0.9485
   -0.0653   -0.9669   -0.2468
    0.9731   -0.1165    0.1988


val(:,:,61) =

   -0.2268   -0.2300    0.9464
   -0.0658   -0.9659   -0.2505
    0.9717   -0.1191    0.2040


val(:,:,62) =

   -0.2369   -0.2348    0.9427
   -0.0643   -0.9645   -0.2563
    0.9694   -0.1213    0.2134


val(:,:,63) =

   -0.2523   -0.2390    0.9377
   -0.0620   -0.9630   -0.2622
    0.9657   -0.1243    0.2282


val(:,:,64) =

   -0.2725   -0.2412    0.9315
   -0.0594   -0.9620   -0.2664
    0.9603   -0.1279    0.2478


val(:,:,65) =

   -0.2982   -0.2413    0.9235
   -0.0568   -0.9613   -0.2695
    0.9528   -0.1329    0.2730


val(:,:,66) =

   -0.3352   -0.2404    0.9109
   -0.0512   -0.9608   -0.2724
    0.9407   -0.1380    0.3098


val(:,:,67) =

   -0.3750   -0.2388    0.8958
   -0.0455   -0.9604   -0.2750
    0.9259   -0.1438    0.3492


val(:,:,68) =

   -0.4142   -0.2385    0.8784
   -0.0394   -0.9595   -0.2791
    0.9093   -0.1502    0.3880


val(:,:,69) =

   -0.4517   -0.2389    0.8596
   -0.0318   -0.9585   -0.2832
    0.8916   -0.1553    0.4254


val(:,:,70) =

   -0.4844   -0.2387    0.8417
   -0.0247   -0.9579   -0.2859
    0.8745   -0.1592    0.4581


val(:,:,71) =

   -0.5111   -0.2369    0.8263
   -0.0192   -0.9579   -0.2865
    0.8593   -0.1623    0.4850


val(:,:,72) =

   -0.5331   -0.2344    0.8129
   -0.0156   -0.9579   -0.2865
    0.8459   -0.1654    0.5071


val(:,:,73) =

   -0.5522   -0.2319    0.8008
   -0.0118   -0.9583   -0.2857
    0.8336   -0.1672    0.5264


val(:,:,74) =

   -0.5682   -0.2304    0.7900
   -0.0073   -0.9586   -0.2847
    0.8229   -0.1675    0.5430


val(:,:,75) =

   -0.5807   -0.2297    0.7810
   -0.0034   -0.9587   -0.2845
    0.8141   -0.1679    0.5559


val(:,:,76) =

   -0.5885   -0.2299    0.7751
   -0.0005   -0.9586   -0.2848
    0.8085   -0.1680    0.5640


val(:,:,77) =

   -0.5939   -0.2281    0.7715
    0.0003   -0.9590   -0.2832
    0.8045   -0.1680    0.5697


val(:,:,78) =

   -0.5971   -0.2286    0.7689
    0.0014   -0.9588   -0.2839
    0.8021   -0.1684    0.5729


val(:,:,79) =

   -0.5996   -0.2290    0.7668
    0.0017   -0.9586   -0.2849
    0.8003   -0.1696    0.5752


val(:,:,80) =

   -0.6013   -0.2297    0.7652
    0.0018   -0.9582   -0.2862
    0.7990   -0.1707    0.5766


val(:,:,81) =

   -0.6025   -0.2306    0.7641
    0.0014   -0.9577   -0.2879
    0.7981   -0.1724    0.5773


val(:,:,82) =

   -0.6036   -0.2301    0.7634
   -0.0002   -0.9574   -0.2887
    0.7973   -0.1744    0.5778


val(:,:,83) =

   -0.6053   -0.2276    0.7627
   -0.0024   -0.9577   -0.2878
    0.7960   -0.1761    0.5792


val(:,:,84) =

   -0.6081   -0.2241    0.7616
   -0.0066   -0.9579   -0.2871
    0.7938   -0.1796    0.5810


val(:,:,85) =

   -0.6126   -0.2161    0.7603
   -0.0139   -0.9588   -0.2837
    0.7902   -0.1843    0.5844


val(:,:,86) =

   -0.6208   -0.2011    0.7577
   -0.0262   -0.9607   -0.2765
    0.7835   -0.1915    0.5911


val(:,:,87) =

   -0.6324   -0.1803    0.7534
   -0.0413   -0.9633   -0.2652
    0.7735   -0.1988    0.6018


val(:,:,88) =

   -0.6440   -0.1576    0.7487
   -0.0579   -0.9657   -0.2530
    0.7629   -0.2063    0.6128


val(:,:,89) =

   -0.6544   -0.1369    0.7437
   -0.0731   -0.9674   -0.2423
    0.7526   -0.2129    0.6231


val(:,:,90) =

   -0.6647   -0.1187    0.7376
   -0.0835   -0.9693   -0.2311
    0.7425   -0.2152    0.6344


val(:,:,91) =

   -0.6728   -0.1069    0.7320
   -0.0905   -0.9702   -0.2249
    0.7342   -0.2175    0.6431


val(:,:,92) =

   -0.6798   -0.1000    0.7266
   -0.0948   -0.9704   -0.2222
    0.7273   -0.2200    0.6502


val(:,:,93) =

   -0.6866   -0.0950    0.7208
   -0.0976   -0.9704   -0.2209
    0.7205   -0.2220    0.6570


val(:,:,94) =

   -0.6932   -0.0914    0.7149
   -0.0996   -0.9702   -0.2207
    0.7138   -0.2242    0.6635


val(:,:,95) =

   -0.7003   -0.0868    0.7086
   -0.1019   -0.9703   -0.2196
    0.7066   -0.2260    0.6706


val(:,:,96) =

   -0.7073   -0.0833    0.7020
   -0.1041   -0.9699   -0.2199
    0.6992   -0.2286    0.6773


val(:,:,97) =

   -0.7141   -0.0798    0.6955
   -0.1054   -0.9699   -0.2195
    0.6921   -0.2301    0.6842


val(:,:,98) =

   -0.7211   -0.0749    0.6887
   -0.1071   -0.9701   -0.2177
    0.6845   -0.2308    0.6915


val(:,:,99) =

   -0.7279   -0.0701    0.6821
   -0.1084   -0.9705   -0.2154
    0.6770   -0.2307    0.6988


val(:,:,100) =

   -0.7351   -0.0648    0.6749
   -0.1095   -0.9710   -0.2125
    0.6691   -0.2301    0.7067


val(:,:,101) =

   -0.7428   -0.0605    0.6668
   -0.1092   -0.9716   -0.2098
    0.6606   -0.2286    0.7151
